5.28521638726 0.35669180794 11.0555448436 
1.23194284691 4.12024284848 19.2641446218 
7.26182531163 9.32186441788 51.3029149082 
4.05797970217 3.62760799506 22.4625458061 
2.75426132507 7.28370602142 34.535205358 
7.86653900161 6.33397739856 40.727880587 
6.94690200169 6.09717752663 38.2055367345 
9.31352373498 7.97516240815 51.4651618446 
3.35416537192 7.72140186232 37.355750215 
7.37764466582 3.3539992297 28.0560525999 
5.19602991893 7.97548212967 42.6013747753 
9.56580698333 8.57122226721 52.8675788173 
0.153036346698 6.7695730087 27.2292236712 
7.41731516192 6.94348132998 42.5590399204 
9.39471177004 2.86472153799 29.851924284 
6.43194098979 2.66078343316 23.8397482281 
1.58567370688 9.85566660909 43.0854751083 
5.44777938478 2.06208740319 18.7521090838 
9.48407415506 8.1726626429 51.799856919 
3.78950403359 7.68599515926 38.0318079874 
1.64634101592 6.89233206279 30.4947490359 
4.64114003253 0.438438006019 11.495917852 
8.11809183877 8.67177521069 50.819422785 
8.28160504128 9.78873937651 55.5605983738 
5.18642570289 0.529256837293 12.4368595189 
4.11524487151 9.5690731926 46.605378547 
6.42970011912 5.52976995945 35.3637873336 
2.05097815195 2.51806029063 13.5070405716 
5.05840970557 0.619317471798 12.4827481672 
1.81969964269 1.97240040588 11.5066083166 
9.97241411544 8.1168526135 52.4008550275 
6.95272085421 2.10108734025 22.3278588126 
6.8172824674 7.51626128499 43.8722797543 
4.86012856537 9.05133057553 46.367780135 
8.29237117873 9.96908374261 56.2068510054 
4.56417846735 7.72368291395 40.4715706064 
2.08180181167 0.532382760062 6.20800688558 
0.496523603229 1.94762210357 9.15981598069 
3.82494476073 7.90490594826 39.094489631 
3.9098966742 4.37830206315 24.9576802349 
4.01067327541 4.85409043866 26.8228127925 
6.46942364361 3.57524180923 27.7050667634 
7.35608436877 1.14303450315 19.0940773311 
0.519254559545 1.11287690192 4.26094777331 
8.16227117551 6.82310031078 43.6498747909 
1.38815697294 7.47746209659 32.6249034909 
4.61953736113 6.81248487705 36.2553828402 
0.0167052134351 1.93043552545 8.33969056155 
1.62007479355 2.53697425068 13.5325765774 
4.16102841375 4.25668586817 25.1233862166 
2.33252969131 2.05606649452 12.4953081359 
4.81566022241 3.84259727028 24.7619185892 
7.26762914077 7.3908780485 44.5141663217 
5.44065098253 7.38340421762 40.5123781439 
3.98800788516 0.862678804269 11.3643677127 
7.62083272743 7.1812136881 44.7034356096 
2.35851247892 6.13590025379 29.1824580846 
2.96871193357 7.12269280583 34.1767051825 
8.87285794106 6.52039034537 43.5536568978 
1.99405519085 7.73074871471 34.4413109835 
5.39970762472 5.81163591041 34.1846882018 
4.92297709646 5.40109101988 31.1690323998 
4.30399297911 9.50829276602 46.0969459519 
9.89723921333 7.78215925301 50.5071341346 
9.02374746444 8.65927023264 52.8463975084 
0.250691537589 6.52410743808 27.5507524527 
1.17220279636 1.90594493165 10.2311831169 
3.06969542173 6.24394410766 31.2112862003 
6.43537691425 2.13683460575 21.0880023094 
0.0388637905455 4.44010933655 17.7707483711 
8.62790791569 6.79010675954 44.4667373961 
8.11726202065 2.91279904631 27.0648124874 
0.789235665909 8.29118530263 34.3126132798 
9.45436306846 0.0831018678659 19.2856840783 
3.29499616253 0.030285780703 7.24362550599 
3.96609139484 8.16467822429 40.2676458893 
5.92804183578 9.92317503644 52.0032274905 
8.94271606792 3.71565071378 32.804739541 
0.426639494647 8.42175391098 34.8246666353 
7.66720697636 2.22613647875 24.45668916 
0.997408427247 0.582199010885 4.07576472082 
6.96386900203 2.42706123914 23.0785462579 
4.09787273976 2.57784857601 18.9637096717 
6.48296117317 1.73807218963 20.2131538204 
2.82431314315 7.4052215462 35.4854265838 
0.964582982891 1.04702304484 5.94333199266 
8.25338576006 5.14529056547 36.7176518678 
3.67611571396 1.69409107298 13.3835315331 
3.17032020659 5.40563228542 28.2745541243 
7.81162521001 2.87586409933 26.7857027117 
0.44351199025 7.09255219298 29.9454116643 
5.49928001991 0.220659686977 11.8209612457 
0.754939830458 9.44709959856 39.1719031887 
5.78743329238 9.27975144164 48.7560904587 
6.4224602729 2.12589458548 21.328446845 
0.920739249413 8.33440465505 35.4515114238 
2.10425730706 8.31076134235 37.3608966044 
5.29290876416 1.98393382541 19.115579356 
2.79868107735 0.348460397662 6.70042379991 
8.34675773428 7.83283658427 48.1304753866 
5.81257319576 8.70743542109 46.1461181417 
7.05151714995 5.49571032136 36.0012857582 
3.47822644818 7.37529778848 35.8685399533 
8.80465654031 1.19742285388 22.8657601953 
8.67062363972 6.98136531327 45.3350931067 
3.04251889216 9.85327351599 45.9523987171 
7.76026786018 9.20381672888 52.277746724 
4.47923799085 6.52517385491 34.5331427827 
9.22024872686 2.81736161377 28.9939784774 
5.02431640834 7.9290775357 41.6219535682 
5.41187871254 5.21590423489 31.6938744484 
6.665689044 2.1332993543 20.9525303227 
0.414785115833 1.53107971329 6.91987443125 
0.454548423151 7.06516464391 28.9131638542 
4.89062544535 7.30907503121 39.4937686167 
1.49948935211 2.10798865761 11.4812214481 
1.01460470712 5.81641955156 25.2607711065 
4.89478594721 7.25976692227 38.6982692673 
1.19584848312 3.03766993572 13.9843195906 
6.08941509119 1.9452777164 19.4794165583 
3.56300724563 7.73690941429 38.3207683403 
8.18176711451 2.40791631717 25.9549066628 
6.51213885002 1.10532621044 18.2084782727 
2.73245093059 2.56535756566 15.892202395 
0.281545760306 2.44470112123 9.73411481226 
1.80208919125 5.5445909058 25.5688294057 
2.64780722305 6.84423910894 32.3695899643 
3.15358940739 0.153352131586 7.73043321769 
5.67206167356 8.34628686833 44.2720721959 
8.16706071464 0.742183754647 19.6492874874 
7.05745830926 6.68838139192 41.2589738858 
1.59768242277 2.42319829706 13.1070279452 
0.0146487778488 6.4883252262 26.0578639546 
6.00136031141 9.90127695289 51.4005806741 
9.1859134865 7.22633029398 47.1926122064 
4.04555673836 1.61706769709 14.6043679124 
7.48497648267 0.028367904071 15.7722418595 
3.08083416585 7.98761186532 37.802735891 
4.85790028054 0.987056862456 13.8497885066 
7.48102728406 2.26564363531 24.0467502914 
4.42725392384 9.59966813855 47.2393590112 
4.41559076941 4.06307475723 24.8571071665 
2.66319226586 2.03731347965 12.5388688622 
4.41782195869 6.33461147413 34.1036859324 
0.291725554614 2.14779125561 9.30158008404 
3.72906697968 4.37087204594 24.2740086 
3.69596529495 8.65748446705 41.5175695199 
7.62295115142 1.74427167597 22.4126679557 
5.50980301009 0.0927362420825 12.1382137539 
9.7087660189 2.4434348089 29.0648461488 
1.4660253393 3.05725056108 15.0908574389 
1.15156303894 6.3224939541 27.4920441578 
6.88405448957 8.57354336451 48.4558910313 
9.95705559598 0.959267523202 23.4053024424 
1.60147754136 2.26468138151 12.9925161958 
9.82341912545 6.87543735023 46.1566850909 
0.106627656595 2.60019341511 10.5095058918 
4.56561034582 4.19739772094 26.0973742552 
2.66497861035 2.91666050939 17.0201255559 
4.21556299043 7.5262492251 38.1858243881 
1.2697941647 7.83260421874 33.5479946617 
2.32344603518 6.29853373543 29.9736573514 
9.23186989433 8.02035943803 49.7621711968 
9.1010568806 8.6596054474 52.7487956241 
9.42452439472 9.54388464487 56.9876218491 
4.14802272231 7.53693324959 38.5422425625 
1.40746318204 1.01577578828 7.02603787806 
7.57040856841 6.02713205503 39.5915571828 
3.04025351935 8.31656550136 38.9894740742 
0.61846170492 4.66530161031 19.6978949438 
3.48875596998 5.91215567685 30.6190315823 
0.448542995719 5.44502014369 22.4108664861 
9.98829524925 2.04415113821 27.957855933 
2.58744909218 1.31097522482 10.0610051883 
5.96557986467 4.91898654732 32.1744396814 
7.50921708112 2.00459065621 22.7357636445 
6.49388914928 5.4950057973 35.2273439076 
2.22311100118 5.44669639458 26.1063452826 
4.675981966 9.63459752602 47.3750011081 
0.511066014788 2.39003964932 10.8929234409 
3.13991163703 9.12709432858 42.7288544672 
2.06899655218 2.0557111741 12.1068756128 
0.325166291273 9.23906542604 37.1958211067 
3.14564819752 6.48973924484 32.1751351629 
8.40442980248 4.24331792724 33.9026059259 
1.57445825842 1.31838314111 8.31504160845 
3.83672330208 1.68877551293 14.8753418908 
1.1341400811 4.63361970945 21.2221450912 
0.391321628405 1.74190660117 7.65200276209 
1.61894155226 4.11250694026 19.2782534727 
9.12644143027 9.17005073277 54.7550318116 
9.85150053688 7.7408894986 51.0087434832 
8.19625220273 2.9309384798 29.1105261267 
6.42786791814 4.11143621738 28.935743552 
3.85808213381 0.698752356726 10.1215399654 
3.18541412422 3.10438912225 18.8123142338 
4.12966112088 8.73927812228 43.1733209529 
4.39048599393 9.20337220967 45.2020819186 
2.67942823949 2.13413708867 13.3568853024 
5.81605537766 3.22248675828 24.4466073465 
8.85499986086 3.83042562554 32.6945381234 
5.4622990839 8.52796597607 44.3705874757 
5.18623933722 9.46280062302 47.9453475735 
2.15974268993 0.745457454404 7.18445487066 
9.72884199495 8.12484088486 51.8686986573 
1.28578173968 5.51673988966 24.501938611 
1.57549605439 3.52815849699 16.9880729591 
4.97971396983 6.46757731416 35.7213220019 
4.42955694109 8.79420313134 43.8714821929 
1.00155992133 8.08651006083 34.6940543122 
8.82089853414 1.37939277774 23.362035769 
0.727483731277 0.85535893528 4.95521291733 
6.45550234642 5.89063384548 36.534259999 
5.07340186851 6.09813351028 34.6276402257 
1.03075012637 1.42621519837 7.8434299903 
4.47031866977 0.0206397380158 9.63019078814 
2.79326147804 5.44342901755 27.7135530986 
3.34370014717 0.773919851272 9.92645388778 
9.23331169636 6.46865972659 44.8272638471 
1.91598201553 7.9736717674 35.5923258773 
8.51288632513 6.66108528463 44.2738020063 
4.76020613782 8.85285924615 45.2368749479 
0.346113164811 6.2026073267 25.8278508006 
9.03785788699 8.79284617492 52.7999276376 
8.13016880655 1.85090877317 23.3210997693 
7.80129013942 9.15865418896 51.7119638565 
5.65404169915 2.60466324271 21.9524397362 
1.109010031 2.0962825437 10.5324997194 
8.06322156308 3.02924126046 29.1412972079 
6.66225539803 9.37487144935 50.558374264 
6.63382033428 4.45020718839 31.3487812281 
1.13000692658 8.24669161534 35.0030122645 
0.640482701887 9.04164047982 37.2172489738 
9.84079624103 7.08922015858 48.0456458774 
7.31016011513 5.74769922034 37.0671403061 
9.63792529675 5.14327449437 40.2068941716 
7.74391053675 6.51708724441 41.3435565613 
2.29867578767 1.92772082926 12.118688166 
2.44442326318 7.98313470354 36.7175891993 
8.61154544728 1.8072679001 24.4501816354 
1.47929609842 5.88420563457 26.5174183398 
1.21279489023 2.93490453757 13.7272522349 
6.70782026185 9.14873055867 49.6984108309 
1.7294707597 8.08831862858 36.0452852617 
3.19197581459 2.58070890078 16.6861450569 
8.98676408594 9.74551656651 57.1708805194 
8.22352702111 7.6502631629 47.1069373987 
2.98486822248 9.10561963806 42.2831439996 
7.30134257679 5.1155006614 34.949760751 
3.3365354692 3.5728021284 20.6248551127 
